marker_positions:
- x: 2.9673665582008177
  y: 5.139876040452087
  z: 1.374429465679264
  roll: 0.0
  pitch: -0.0
  yaw: 2.6424183071795864
  ID: 0
- x: -0.20622494817605053
  y: 5.626694653213333
  z: 1.4790567565779649
  roll: 0.0
  pitch: -0.0
  yaw: 0.47176600000000013
  ID: 1
- x: 3.944586984658671
  y: 3.0077012913416423
  z: 0.7848193036175314
  roll: 0.0
  pitch: 0.0
  yaw: -0.6238920000000002
  ID: 2
- x: -3.1099010059404657
  y: 4.320122735658416
  z: 1.493285724798656
  roll: 0.0
  pitch: -0.0
  yaw: 1.2991909999999998
  ID: 3
