marker_positions:
- x: -3.1099010059404657
  y: 4.320122735658416
  z: 1.493285724798656
  roll: 0.0
  pitch: -0.0
  yaw: 1.2991909999999998
  ID: 0
