marker_positions:
- x: -5.102853077057814
  y: 0.9475993949108426
  z: 1.487839711697791
  roll: 0.0
  pitch: 0.0
  yaw: -1.795150000000001
  ID: 0
- x: -5.5474682698547975
  y: 1.6852377129054794
  z: 1.509632761708228
  roll: 0.0
  pitch: 0.0
  yaw: -2.0074099999999997
  ID: 1
