marker_positions:
- x: -1.0454746971937763
  y: 0.1520332199062684
  z: 0.9592847349207809
  roll: 0.0
  pitch: -0.0
  yaw: 2.280515
  ID: 0
