marker_positions:
- x: -0.20622494817605053
  y: 5.626694653213333
  z: 1.4790567565779649
  roll: 0.0
  pitch: -0.0
  yaw: 0.47176600000000013
  ID: 0
- x: -3.1099010059404657
  y: 4.320122735658416
  z: 1.493285724798656
  roll: 0.0
  pitch: -0.0
  yaw: 1.2991909999999998
  ID: 1
