marker_positions:
- x: 0.4341431178524573
  y: -1.6063664213442597
  z: 1.3432661597845794
  roll: 0.0
  pitch: 0.0
  yaw: -0.6520910000000002
  ID: 0
- x: -2.8981004991374197
  y: -0.2343965622209884
  z: 1.045
  roll: 0.0
  pitch: -0.0
  yaw: -2.196364
  ID: 1
- x: -3.574768493245154
  y: 0.5595263031854022
  z: 1.3346633582058942
  roll: 0.0
  pitch: -0.0
  yaw: 2.5950853071795867
  ID: 2
- x: 1.8030071746622622
  y: -0.9353841204970965
  z: 0.998884185263476
  roll: 0.0
  pitch: 0.0
  yaw: -0.7893949999999998
  ID: 3
