marker_positions:
- x: 1.8022680729971465
  y: -0.9373298903841647
  z: 0.9988841852634758
  roll: 0.0
  pitch: 0.0
  yaw: -0.789741
  ID: 0
- x: -3.2654805418872943
  y: -1.1400375797647513
  z: 0.9137123072642652
  roll: 0.0
  pitch: 0.0
  yaw: -1.9708310000000007
  ID: 1
- x: -0.645737402541956
  y: 0.5328519220855163
  z: 0.9300187150628344
  roll: 0.0
  pitch: -0.0
  yaw: 2.3686273071795867
  ID: 2
- x: -3.5158239571652627
  y: 1.3553607297127805
  z: 1.1680583365329724
  roll: 0.0
  pitch: -0.0
  yaw: 2.8546303071795864
  ID: 3
