marker_positions:
- x: 1.8022680729971465
  y: -0.9373298903841647
  z: 0.9988841852634758
  roll: 0.0
  pitch: 0.0
  yaw: -0.789741
  ID: 0
