marker_positions:
- x: 0.5501134186114562
  y: 9.217798222934467
  z: 1.4922449346663844
  roll: 0.0
  pitch: -0.0
  yaw: 0.86162
  ID: 0
- x: -5.531450406618555
  y: 1.7573908804044738
  z: 1.4880219355822635
  roll: 0.0
  pitch: 0.0
  yaw: -2.042658000000001
  ID: 1
- x: 0.06290686906189258
  y: 5.015570197861338
  z: 1.4170121201054582
  roll: 0.0
  pitch: -0.0
  yaw: 0.362282
  ID: 2
